79
84
98
98
96
98
98
120
122
138
156
172
174
185
237
245
65533
65533
65533
65533
65533
65533
65533
65533
65533
65533
65533
65533
65533
65533
65533
65533
65533
65533
65533
65533
65533
65533
65533
65533
65533
65533
65533
65533
65533
65533
65533
65533
65533
65533
65533
65533
65533
65533
65533
65533
65533
65533
2882
2890
2889
2889
2892
2925
2896
2915
2921
2919
2920
2936
2945
2962
2968
2962
2944
2961
2972
2982
2982
2982
2996
2988
2994
3026
3030
3025
3035
3046
3047
3066
3076
3098
3091
3108
3105
3126
3146
3158
3158
3137
3145
3176
3172
3173
3178
3189
3201
3215
3208
3180
3180
3183
3205
3272
3288
3272
3262
3262
3253
3254
3282
3300
3286
3292
3283
3287
3285
3287
3287
3295
3292
3291
3286
3298
3308
3308
3331
3343
3366
3374
3385
3397
3426
3429
3445
3461
3471
3487
3523
3548
3540
3530
3514
3508
3509
3509
3509
3515
3523
3526
3506
3516
3534
3539
3565
3565
3604
3610
3627
3651
3626
3617
3623
3620
3619
3612
3642
3635
3668
3678
3687
3663
3663
3669
3697
3697
3672
3681
3681
3711
3715
3742
3755
3746
3775
3771
3766
3767
3772
3781
3798
3836
3833
3813
3814
3814
3818
3817
3824
3830
3834
3842
3842
3854
3861
3868
3884
3894
3893
3928
3955
3963
3971
3971
3978
3985
4008
4124
4136
4149
4092
4073
4061
4045
4043
4032
4042
4065
4074
4086
4090
4132
4130
4105
4125
4142
4138
4142
4166
4169
4175
4205
4225
4225
4249
4259
4265
4266
4302
4324
4356
4345
4363
4348
4348
4344
4350
4364
4373
4377
4433
4461
4459
4477
4626
4646
4494
65533
65533
65533
4441
4502
4502
4537
4537
4537
4568
4548
4501
4439
4412
4379
4333
4308
4278
4253
4192
4169
4156
4119
4087
4049
4020
4006
3973
3943
3915
3882
3853
3829
3807
3779
3753
3724
3695
3669
65533
65533
65533
65533
65533
65533
3547
3492
3476
3469
3448
3408
3406
3398
3359
3331
3312
3303
3269
3244
3239
3212
3190
3190
3172
3161
3161
3145
3136
3120
3100
3083
3079
3053
3031
2999
2988
2981
2978
2939
2934
2922
2929
2914
2909
2892
2872
2854
2847
2836
2825
2812
2798
2792
2773
2760
2754
2748
2717
2711
2711
2700
2704
2689
2672
2658
2659
2659
2650
2610
2603
2604
2587
2571
2553
2570
2571
2562
2545
2531
2542
2532
2523
2516
2486
2486
2489
2489
2484
2475
2471
2468
2467
2462
2443
2443
2420
2417
2406
2406
2388
2384
2410
2407
2386
2378
2369
2342
2337
2341
2336
2311
2308
2307
2311
2319
2319
2308
2301
2304
2295
2285
2279
2284
2268
2264
2262
2252
2253
2251
2236
2231
2227
2226
2221
2234
2220
2198
2203
2212
2221
2224
2211
2205
2188
2177
2188
2198
2195
2189
2190
2168
2161
2160
2164
2163
2176
2175
2161
2150
2150
2159
2158
2150
2143
2142
2138
2147
2147
2147
2151
2149
2147
2121
2127
2116
2124
2119
2116
2116
2116
2112
2105
2107
2107
2108
2109
2095
2088
2088
2093
2094
2095
2099
2090
2086
2080
2085
2073
2066
2068
2074
2070
2069
2073
2084
2096
2092
2085
2071
2077
2085
2068
2064
2064
2079
2084
2073
2071
2070
2069
2069
2068
2068
2080
2074
2070
2066
2073
2081
2075
2071
2076
2081
2079
2088
2077
2070
2069
2058
2071
2076
2093
2093
2083
2083
2080
2078
2090
2089
2072
2087
2087
2087
2105
2108
2105
2105
2098
2106
2108
2117
2112
2096
2080
2083
2117
2124
2106
2104
2109
2108
2108
2154
2153
2140
2124
2137
2137
2137
2130
2124
2125
2140
2138
2137
2148
2148
2141
2139
2145
2156
2159
2167
2174
2172
2162
2168
2178
2187
2178
2187
2187
2193
2193
2194
2207
2228
2232
2224
2216
2218
2243
2243
2239
2237
2238
2254
2258
2259
2260
2258
2257
2264
2271
2275
2284
2300
2305
2294
2294
2290
2303
2303
2310
2331
2326
2333
2332
2325
2338
2346
2348
2344
2354
2372
2374
2370
2428
2439
2425
2411
2417
2412
2412
2434
2447
2457
2463
2465
2474
2491
2497
2503
2510
2521
2520
2536
2532
2546
2552
2554
2567
2576
2584
2604
2610
2607
2622
2638
2637
2652
2689
2689
2703
2706
2714
2714
2729
2731
2740
2749
2764
2773
2794
2811
2808
2818
2838
2854
2856
2890
2894
2893
2908
2909
2919
2947
2960
2977
2983
2995
3000
3000
3047
3057
3076
3080
3099
3107
3119
3133
3152
3177
3198
3207
3224
3236
3251
3274
3284
3309
3314
3360
3366
3378
3407
3438
3452
3467
3482
3500
3523
3546
3559
3574
3584
3623
3634
3657
3690
3715
3739
3749
3827
65533
65533
3926
3926
3947
3962
4007
4025
4044
4081
4102
4133
4171
4206
4220
4255
4304
4342
4369
4393
4471
4470
4445
4436
4404
4427
4434
4397
4397
4395
4369
4369
4358
4355
65533
4401
4378
4378
4395
4350
4313
4303
4297
4280
4267
4269
4264
4245
4243
4237
4223
4196
4204
4184
4172
4172
4149
4147
4098
4078
4080
4083
4089
4078
4085
4072
4065
4068
4065
4049
4046
4040
4036
4036
4035
4036
4026
4026
4045
4016
4010
3992
3982
3969
3925
3925
3914
3884
3865
3846
3825
3822
3818
3826
3802
3791
3751
3741
3745
3746
3735
3700
3693
3679
3683
3688
3668
3633
3618
3619
3631
3609
3583
3572
3585
3569
3563
3554
3543
3536
3502
3502
3501
3496
3491
3482
3465
3462
3456
3449
3441
3447
3435
3467
3460
3466
3522
3521
3499
3464
3466
3509
3502
3481
3463
3448
3472
3445
3424
3433
3425
3403
3391
3368
3370
3362
3372
3360
3311
3334
3324
3307
3296
3285
3278
3265
3248
3254
3268
3233
3237
3250
3238
3252
3224
3188
3183
3181
3203
3197
3180
3165
3155
3151
3151
3148
3120
3117
3109
3118
3115
3118
3117
3108
3108
3097
3089
3085
3085
3076
3014
3014
3013
3054
3038
3047
3024
3016
3012
2998
2993
2988
2977
2978
2970
2944
2940
2943
2937
2944
2920
2916
2916
2900
2898
2895
2879
2881
2881
2884
2872
2873
2853
2859
2851
2842
2836
2825
2819
2806
2811
2805
2801
2792
2803
2784
2786
2764
2757
2756
2774
2765
2758
2752
2742
65533
65533
65533
65533
65533
65533
65533
65533
65533
65533
65533
65533
65533
65533
65533
65533
65533
65533
65533
65533
65533
65533
65533
65533
65533
65533
65533
65533
65533
65533
65533
65533
65533
65533
65533
65533
65533
65533
65533
63
215
194
175
149
137
134
113
107
107
106
102
97
99
102
106
